1 1.43627 89.7106 67.1661
2 1.5086 85.4098 63.9462
3 1.57275 81.9257 61.3376
4 1.62727 79.1813 59.2829
5 1.71506 75.128 56.2482
6 1.79962 71.5978 53.6051
7 1.87977 68.5451 51.3196
8 1.90653 67.5828 50.5991
9 2.04446 63.0236 47.1856
10 2.07593 62.0682 46.4703
11 2.16678 59.4657 44.5218
12 2.24967 57.2746 42.8814
13 2.30068 56.0048 41.9306
14 2.466 52.2503 39.1197
15 2.50428 51.4516 38.5217
16 2.5082 51.3711 38.4615
17 2.65577 48.5167 36.3243
18 2.80059 46.0079 34.446
19 2.79889 46.0358 34.4669
20 2.93648 43.8787 32.8519
21 3.07573 41.8922 31.3646
22 3.11069 41.4214 31.0121
23 3.26202 39.4998 29.5734
24 3.3991 37.9068 28.3808
25 3.54338 36.3633 27.2252
26 3.29241 39.1352 29.3004
27 3.41272 37.7556 28.2675
28 3.5364 36.4351 27.2789
29 3.65877 35.2165 26.3665
30 3.78566 34.0361 25.4828
31 3.90708 32.9783 24.6908
32 3.76529 34.2202 25.6206
33 3.87952 33.2127 24.8662
34 3.99438 32.2576 24.1512
35 4.1124 31.3319 23.4581
36 4.22433 30.5016 22.8365
37 4.34133 29.6796 22.221
38 4.45539 28.9198 21.6522
39 4.57368 28.1719 21.0922
40 4.68825 27.4834 20.5768
41 4.80396 26.8214 20.0811
42 4.91829 26.198 19.6144
43 4.73905 27.1888 20.3562
44 4.84825 26.5764 19.8977
45 4.95659 25.9955 19.4628
46 5.06357 25.4463 19.0516
47 5.17598 24.8937 18.6378
48 5.28398 24.3848 18.2569
49 5.39092 23.9011 17.8947
50 5.49778 23.4366 17.5469
51 5.60675 22.9811 17.2059
52 5.71604 22.5417 16.8769
53 5.82477 22.1209 16.5618
54 5.93598 21.7065 16.2516
55 6.04843 21.3029 15.9494
56 6.15153 20.9458 15.6821
57 6.26101 20.5796 15.4079
58 6.36972 20.2284 15.1449
59 6.48325 19.8741 14.8797
60 6.58929 19.5543 14.6403
61 6.69487 19.2459 14.4094
62 6.80466 18.9354 14.1769
63 6.91399 18.636 13.9527
64 6.62648 19.4445 14.5581
65 6.72948 19.1469 14.3353
66 6.83293 18.8571 14.1183
67 6.93567 18.5777 13.9091
68 7.03816 18.3072 13.7066
69 7.14091 18.0438 13.5093
70 7.24517 17.7841 13.3149
71 7.34777 17.5358 13.129
72 7.45206 17.2904 12.9453
73 7.55468 17.0555 12.7694
74 7.65716 16.8273 12.5985
75 7.75801 16.6085 12.4348
76 7.86279 16.3872 12.2691
77 7.96736 16.1721 12.108
78 8.06802 15.9703 11.957
79 8.17251 15.7662 11.8041
80 8.27326 15.5741 11.6603
81 8.37747 15.3804 11.5153
82 8.47946 15.1954 11.3768
83 8.5823 15.0133 11.2405
84 8.68482 14.8361 11.1078
85 8.78872 14.6607 10.9765
86 8.89255 14.4895 10.8483
87 8.99622 14.3226 10.7233
88 9.09856 14.1615 10.6027
89 9.20172 14.0027 10.4838
90 9.30447 13.8481 10.368
91 9.40521 13.6998 10.257
92 9.50897 13.5503 10.145
93 9.61289 13.4038 10.0354
94 9.71633 13.2611 9.92854
95 9.81857 13.123 9.82516
96 9.92085 12.9877 9.72387
97 10.0261 12.8514 9.62178
98 10.1281 12.7219 9.52489
99 10.2308 12.5943 9.42932
100 10.3318 12.4711 9.33711
101 10.4373 12.345 9.24269
102 10.5397 12.2251 9.1529
103 10.6413 12.1084 9.06555
104 10.7445 11.9921 8.97844
105 10.8484 11.8772 8.89242
106 11.0243 11.6877 8.75056
107 11.1289 11.5779 8.66837
108 11.2301 11.4735 8.59019
109 11.3337 11.3687 8.51169
110 11.4386 11.2644 8.43364
111 11.5376 11.1678 8.3613
112 11.6406 11.0689 8.28729
113 11.7451 10.9705 8.21355
114 11.8488 10.8744 8.14164
115 11.9523 10.7803 8.07116
116 12.0525 10.6906 8.00404
117 12.0808 10.6656 7.98534
118 12.187 10.5727 7.91574
119 12.2884 10.4854 7.85042
120 12.467 10.3352 7.73796
121 12.5684 10.2518 7.67549
122 12.7233 10.127 7.58205
123 12.7007 10.145 7.59558
124 12.8767 10.0064 7.49173
125 12.9834 9.92411 7.43016
126 13.0888 9.84424 7.37036
127 13.1839 9.77324 7.31721
128 12.8118 10.0571 7.52971
129 12.9125 9.97863 7.47098
130 13.0109 9.90319 7.4145
131 13.1127 9.82625 7.35689
132 13.211 9.75315 7.30217
133 13.3114 9.67962 7.24711
134 13.4105 9.60805 7.19353
135 13.5109 9.53667 7.14008
136 13.6105 9.46689 7.08784
137 13.7106 9.39778 7.03609
138 13.8122 9.32866 6.98435
139 13.9111 9.26234 6.93469
140 14.0111 9.1962 6.88517
141 14.1106 9.13134 6.83662
142 14.2106 9.06708 6.78851
143 14.3091 9.00471 6.74181
144 14.4117 8.94056 6.69378
145 14.5094 8.88039 6.64873
146 14.6115 8.81835 6.60228
147 14.7125 8.75778 6.55693
148 14.8831 8.65739 6.48177
149 14.9117 8.64079 6.46934
150 15.0111 8.58357 6.4265
151 15.1102 8.5273 6.38437
152 15.21 8.47136 6.34249
153 15.3102 8.4159 6.30097
154 15.4112 8.36074 6.25967
155 15.5848 8.26762 6.18995
156 15.6103 8.25409 6.17982
157 15.7107 8.20136 6.14034
158 15.8112 8.14923 6.10131
159 15.9101 8.09859 6.0634
160 16.011 8.04755 6.02518
161 16.1108 7.99766 5.98783
162 16.2091 7.94917 5.95153
163 16.4093 7.8522 5.87893
164 16.4088 7.85243 5.8791
165 16.5832 7.76985 5.81727
166 16.6954 7.71762 5.77816
167 16.7101 7.71086 5.77311
168 16.8097 7.66517 5.73889
169 16.9084 7.6204 5.70538
170 17.0073 7.57609 5.67221
171 17.1835 7.49844 5.61406
172 17.3026 7.44679 5.5754
173 17.3088 7.44414 5.57341
174 17.4103 7.40074 5.54092
175 17.5899 7.32516 5.48433
176 17.6077 7.31778 5.4788
177 17.7095 7.27572 5.44732
178 17.808 7.23545 5.41717
179 17.9086 7.19482 5.38675
180 18.0077 7.15523 5.35711
181 18.1091 7.11515 5.3271
182 18.2804 7.04846 5.27717
183 18.3809 7.00993 5.24832
184 18.4808 6.97206 5.21997
185 18.5078 6.96189 5.21235
186 18.6076 6.92453 5.18438
187 18.7068 6.88781 5.15689
188 18.8831 6.82353 5.10876
189 18.9072 6.81482 5.10224
190 19.0093 6.77822 5.07484
191 19.1897 6.7145 5.02713
192 19.2803 6.68292 5.00349
193 19.3879 6.64583 4.97572
194 19.4839 6.6131 4.95122
195 19.5805 6.58046 4.92678
196 19.6833 6.54612 4.90107
197 19.7803 6.51402 4.87703
198 19.8858 6.47945 4.85115
199 19.9076 6.47235 4.84583
200 20.0829 6.41587 4.80355
201 20.178 6.3856 4.78089
202 20.2796 6.35363 4.75695
203 20.3826 6.32151 4.7329
204 20.4782 6.292 4.71081
205 20.5791 6.26115 4.68771
206 20.6784 6.23108 4.6652
207 20.7784 6.2011 4.64275
208 20.8797 6.17103 4.62023
209 20.98 6.14152 4.59814
210 21.0782 6.11291 4.57672
211 21.1813 6.08315 4.55444
212 21.2771 6.05577 4.53394
213 21.3804 6.02649 4.51202
214 21.479 5.99885 4.49133
215 21.5795 5.97089 4.47039
216 21.6808 5.94299 4.4495
217 21.7779 5.9165 4.42967
218 21.877 5.88971 4.40961
219 21.9795 5.86225 4.38905
220 22.0798 5.83562 4.36911
221 22.1803 5.80915 4.3493
222 22.2766 5.78405 4.3305
223 22.3761 5.75834 4.31126
224 22.4786 5.73208 4.29159
225 22.58 5.70634 4.27233
226 22.6808 5.68097 4.25333
227 22.8725 5.63336 4.21768
228 22.88 5.63152 4.21631
229 23.001 5.60189 4.19413
230 23.4093 5.50417 4.12096
231 23.1867 5.55702 4.16053
232 23.2793 5.53492 4.14398
233 23.3832 5.51032 4.12556
234 23.5598 5.46901 4.09464
235 23.5771 5.465 4.09164
236 23.6772 5.4419 4.07434
237 23.7823 5.41784 4.05633
238 23.8785 5.39602 4.03999
239 23.9805 5.37307 4.02281
240 24.1685 5.33128 3.99152
241 24.2034 5.32358 3.98575
242 24.2801 5.30679 3.97318
243 24.3841 5.28413 3.95622
244 24.4786 5.26374 3.94095
245 24.5774 5.24258 3.92511
246 24.6757 5.2217 3.90948
247 24.8253 5.19024 3.88592
248 24.8797 5.17888 3.87742
249 24.9776 5.15858 3.86222
250 25.0818 5.13715 3.84618
251 25.1795 5.11722 3.83125
252 25.3013 5.09258 3.8128
253 25.3803 5.07673 3.80094
254 25.4792 5.05703 3.78619
255 25.5753 5.03803 3.77196
256 25.6763 5.01821 3.75712
257 25.7763 4.99875 3.74255
258 25.8805 4.97861 3.72748
259 25.9781 4.9599 3.71347
260 26.0764 4.94121 3.69947
261 26.1842 4.92087 3.68425
262 26.2751 4.90385 3.6715
263 26.3829 4.8838 3.65649
264 26.4774 4.86638 3.64345
265 26.5786 4.84785 3.62958
266 26.6769 4.82999 3.6162
267 26.7761 4.81209 3.6028
268 26.8795 4.79358 3.58894
269 26.9797 4.77577 3.57561
270 27.0727 4.75937 3.56333
271 27.1802 4.74054 3.54923
272 27.2985 4.72001 3.53386
273 27.3756 4.70671 3.5239
274 27.4744 4.68978 3.51123
275 27.5775 4.67225 3.4981
276 27.6761 4.6556 3.48564
277 27.7497 4.64326 3.4764
278 27.8771 4.62204 3.46051
279 28.3063 4.55196 3.40804
280 28.0772 4.58909 3.43584
281 28.2719 4.5575 3.41219
282 28.2732 4.55729 3.41203
283 28.3724 4.54135 3.4001
284 28.556 4.51216 3.37824
285 28.5754 4.50909 3.37594
286 28.6741 4.49357 3.36432
287 28.7753 4.47777 3.35249
288 28.9661 4.44826 3.3304
289 28.9752 4.44687 3.32936
290 29.0751 4.43159 3.31792
291 29.1747 4.41646 3.3066
292 29.2734 4.40157 3.29545
293 29.3726 4.38671 3.28432
294 29.4723 4.37186 3.2732
295 29.5734 4.35692 3.26202
296 29.6773 4.34167 3.2506
297 29.773 4.32771 3.24015
298 29.8764 4.31273 3.22893
299 29.974 4.29869 3.21842
300 30.072 4.28468 3.20793
301 30.1719 4.27049 3.19731
302 30.2738 4.25612 3.18655
303 30.3722 4.24234 3.17623
304 30.4737 4.22821 3.16565
305 30.5738 4.21436 3.15528
306 30.6744 4.20054 3.14493
307 30.7755 4.18675 3.13461
308 30.8714 4.17373 3.12486
309 30.9762 4.15961 3.11429
310 31.0724 4.14674 3.10466
311 31.2898 4.11792 3.08308
312 31.3484 4.11023 3.07732
313 31.3935 4.10432 3.0729
314 31.5486 4.08415 3.05779
315 31.6483 4.07128 3.04816
316 31.6732 4.06808 3.04576
317 31.8718 4.04273 3.02678
318 31.9511 4.03269 3.01927
319 31.9742 4.02978 3.01709
320 32.1404 4.00894 3.00149
321 32.2477 3.9956 2.9915
322 32.3476 3.98326 2.98226
323 32.4498 3.97072 2.97287
324 32.5702 3.95605 2.96188
325 32.6497 3.94641 2.95467
326 32.7483 3.93453 2.94577
327 32.847 3.9227 2.93692
328 32.9429 3.91128 2.92837
329 33.0462 3.89906 2.91922
330 33.1448 3.88746 2.91053
331 33.2427 3.87601 2.90196
332 33.2756 3.87218 2.89909
333 33.4497 3.85202 2.884
334 33.5451 3.84107 2.8758
335 33.6472 3.82941 2.86707
336 33.747 3.81809 2.8586
337 33.8476 3.80675 2.8501
338 33.8684 3.80441 2.84835
339 34.0451 3.78466 2.83357
340 34.0704 3.78185 2.83146
341 34.2447 3.7626 2.81705
342 34.271 3.75971 2.81488
343 34.4492 3.74026 2.80032
344 34.4716 3.73783 2.79851
345 34.6456 3.71906 2.78445
346 34.7822 3.70446 2.77352
347 34.8477 3.69749 2.7683
348 34.9515 3.68651 2.76008
349 35.0466 3.67651 2.7526
350 35.0683 3.67424 2.75089
351 35.1696 3.66365 2.74297
352 35.3487 3.64508 2.72907
353 35.4444 3.63524 2.7217
354 35.5824 3.62115 2.71115
355 35.6174 3.61759 2.70848
356 35.7437 3.60481 2.69891
357 35.8653 3.59258 2.68976
358 36.3975 3.54005 2.65043
359 35.9699 3.58213 2.68194
360 36.1479 3.56449 2.66873
361 36.2487 3.55459 2.66131
362 36.342 3.54546 2.65448
363 36.4453 3.53541 2.64696
364 36.4705 3.53297 2.64512
365 36.6622 3.51449 2.63129
366 36.7468 3.5064 2.62524
367 36.7708 3.50411 2.62352
368 36.9448 3.48761 2.61116
369 37.0438 3.47829 2.60419
370 37.1658 3.46687 2.59564
371 37.2438 3.45961 2.5902
372 37.2685 3.45732 2.58849
373 37.4465 3.44088 2.57618
374 37.4705 3.43868 2.57453
375 37.6463 3.42262 2.56251
376 37.7648 3.41189 2.55447
377 38.6633 3.3326 2.49511
378 37.948 3.39541 2.54213
379 38.0452 3.38674 2.53564
380 38.1459 3.3778 2.52895
381 38.2174 3.37148 2.52422
382 38.3448 3.36027 2.51583
383 38.4433 3.35167 2.50939
384 38.4658 3.34971 2.50792
385 38.6635 3.33258 2.49509
386 38.6848 3.33074 2.49372
387 38.8397 3.31746 2.48378
388 39.0365 3.30073 2.47125
389 39.0449 3.30002 2.47072
390 39.1402 3.29198 2.4647
391 39.1694 3.28953 2.46287
392 39.3479 3.27461 2.45169
393 39.5165 3.26064 2.44124
394 39.5459 3.25822 2.43942
395 39.5682 3.25638 2.43804
396 39.7444 3.24194 2.42723
397 39.8468 3.23361 2.421
398 39.9836 3.22255 2.41271
399 40.3802 3.1909 2.38902
400 40.1443 3.20964 2.40305
401 40.241 3.20193 2.39728
402 40.3642 3.19216 2.38997
403 40.4457 3.18572 2.38515
404 40.5401 3.17831 2.37959
405 40.6414 3.17039 2.37366
406 40.7434 3.16245 2.36772
407 40.8369 3.15521 2.3623
408 41.0214 3.14102 2.35167
409 41.0439 3.1393 2.35038
410 41.2184 3.12601 2.34043
411 41.2408 3.12431 2.33916
412 41.3408 3.11675 2.3335
413 41.5174 3.1035 2.32358
414 41.6105 3.09655 2.31838
415 41.7222 3.08826 2.31218
416 41.8218 3.08091 2.30667
417 41.8397 3.07959 2.30568
418 41.9418 3.07209 2.30007
419 42.0774 3.06219 2.29265
420 42.1422 3.05748 2.28913
421 42.3225 3.04446 2.27938
422 42.3462 3.04276 2.27811
423 42.439 3.0361 2.27312
424 42.5363 3.02915 2.26792
425 42.7234 3.01589 2.25799
426 42.7432 3.01449 2.25694
427 42.8454 3.0073 2.25156
428 42.9444 3.00037 2.24637
429 43.1304 2.98743 2.23668
430 43.1435 2.98652 2.236
431 43.2568 2.9787 2.23015
432 43.3441 2.9727 2.22565
433 43.4412 2.96606 2.22068
434 43.8714 2.93697 2.1989
435 43.6429 2.95234 2.21041
436 43.7515 2.94502 2.20493
437 44.2495 2.91187 2.18011
438 43.9461 2.93198 2.19517
439 44.0488 2.92514 2.19005
440 44.1481 2.91856 2.18512
441 44.2496 2.91187 2.18011
442 44.3456 2.90556 2.17539
443 44.4533 2.89853 2.17012
444 44.5436 2.89265 2.16572
445 44.6416 2.8863 2.16097
446 44.744 2.87969 2.15602
447 44.9869 2.86414 2.14438
448 44.947 2.86669 2.14628
449 45.0377 2.86092 2.14196
450 45.1478 2.85394 2.13674
451 45.2495 2.84752 2.13193
452 45.4369 2.83578 2.12314
453 45.4451 2.83527 2.12276
454 45.5423 2.82922 2.11823
455 45.6384 2.82326 2.11377
456 45.7436 2.81677 2.10891
457 45.8624 2.80947 2.10344
458 45.9409 2.80467 2.09985
459 46.1252 2.79346 2.09146
460 46.2491 2.78598 2.08586
461 46.3169 2.7819 2.0828
462 46.4209 2.77567 2.07814
463 46.4457 2.77418 2.07703
464 46.5953 2.76528 2.07036
465 46.6411 2.76256 2.06832
466 47.5733 2.70843 2.0278
467 47.1947 2.73016 2.04407
468 47.023 2.74013 2.05153
469 47.0422 2.73901 2.05069
470 47.1405 2.7333 2.04642
471 48.1387 2.67662 2.00398
472 47.4282 2.71672 2.034
473 47.8447 2.69307 2.0163
474 47.5399 2.71033 2.02922
475 47.7091 2.70072 2.02203
476 47.7412 2.69891 2.02067
477 47.9675 2.68617 2.01113
478 47.9352 2.68799 2.01249
479 48.0549 2.68129 2.00748
480 48.2708 2.66929 1.99849
481 48.3144 2.66688 1.99669
482 48.4153 2.66133 1.99253
483 48.5636 2.6532 1.98645
484 48.6159 2.65035 1.98431
485 48.7137 2.64503 1.98033
486 48.8157 2.6395 1.97619
487 48.9633 2.63154 1.97023
488 49.012 2.62893 1.96827
489 49.1127 2.62354 1.96424
490 49.1335 2.62243 1.9634
491 49.3172 2.61266 1.95609
492 49.4401 2.60616 1.95123
493 49.5361 2.60111 1.94745
494 49.6455 2.59538 1.94316
495 49.7134 2.59184 1.9405
496 49.8519 2.58464 1.93511
497 50.172 2.56815 1.92277
498 50.0393 2.57496 1.92786
499 50.1188 2.57087 1.92481
500 50.2273 2.56532 1.92065
501 50.259 2.5637 1.91944
502 50.7664 2.53808 1.90025
503 50.5229 2.55031 1.90941
504 50.6685 2.54298 1.90392
505 50.7615 2.53832 1.90043
506 50.819 2.53545 1.89829
507 50.9182 2.53051 1.89459
508 50.9431 2.52928 1.89366
509 51.0801 2.52249 1.88858
510 51.4506 2.50433 1.87498
511 51.235 2.51487 1.88287
512 51.7385 2.49039 1.86455
